                10      30      50
        d_0
AH+V            0.8946  5.3787  11.0111
AH+L            0.8946  5.3787  11.0111
AH              0.8946  5.3787  11.0111
Full            0.8946  5.3787  11.0111
LSTM+Q          0.8946  5.3787  11.0111
        d_T
Full            0.9710  4.1672  8.8349
LSTM+Q          1.0199  4.2078  8.7275
AH              0.8929  4.5300  9.5573
AH+V            0.9508  4.1108  8.8256
AH+L            0.9869  4.6417  9.5076
        d_D
Full            -0.0764 1.2115  2.1762
LSTM+Q          -0.1253 1.1710  2.2836
AH               0.0017 0.8487  1.4538
AH+V            -0.0562 1.2679  2.1855
AH+L            -0.0923 0.7370  1.5035
        d_min
Full            0.2907  2.4282  6.4472
LSTM+Q          0.2934  2.4501  6.3838
AH              0.2416  3.1582  7.9895
AH+V            0.2874  2.5138  6.4355
AH+L            0.2398  3.1924  7.9568
        r_T
AH+V            0.8995  0.4946  0.1510
AH+L            0.9103  0.4049  0.0858
AH              0.9076  0.4117  0.0845
Full            0.8995  0.4891  0.1609
LSTM+Q          0.9090  0.4851  0.1498
        r_e
AH+V            0.9823  0.6481  0.2438
AH+L            0.9823  0.5272  0.1399
AH              0.9823  0.5272  0.1372
Full            0.9851  0.6508  0.2523
LSTM+Q          0.9837  0.6495  0.2481
        stop
AH+V            0.9660  0.8750  0.6990
AH+L            0.9416  0.8505  0.7038
AH              0.9552  0.8709  0.7619
Full            0.9606  0.8628  0.6474
LSTM+Q          0.9810  0.9035  0.7405
